9.705793145283590773e-02
1.397494234245465206e-01
7.729953570084076298e-02
7.579185520361990391e-02
8.419813844014122084e-02
2.441418230891915231e-01
1.779397151374627339e-01
1.272727272727272596e-01
2.318364126504043610e-01
1.068840579710144956e-01
1.127060074428495456e-01
1.186186186186186237e-01
5.482041587901701624e-02
8.497652582159624657e-02
3.737604881769641257e-02
1.015409655317249943e-01
2.822299651567944379e-01
1.841772151898734278e-01
1.176057574161839536e-01
1.096774193548387122e-01
2.808398950131233418e-01
6.763285024154588876e-02
2.524679170779861592e-01
2.911529309971879753e-01
3.163407821229050065e-01
1.099476439790575966e-01
2.201834862385321223e-01
6.220095693779904150e-02
2.454746136865342265e-01
3.340636679984533841e-01
9.057527539779682002e-02
1.295964125560538083e-01
1.398135818908122496e-01
8.618654073199527588e-02
7.799999999999999989e-02
2.443267776096822996e-01
1.683168316831683275e-01
7.557903291344982011e-02
1.201117318435754172e-01
3.446105428796223391e-01
5.583559519193485865e-02
6.996587030716723554e-02
1.712194484381126536e-01
1.230020847810979895e-01
1.571125265392781245e-01
3.071364046973803011e-02
1.025794841031793664e-01
1.725244498777506186e-01
9.819121447028424099e-02
6.890894175553732848e-02
1.883289124668434955e-01
2.125468164794007409e-01
2.769416014449127203e-02
3.200934579439252414e-01
7.633982422884715013e-02
1.479713603818615664e-01
1.968482905982905928e-01
1.348611723226090797e-01
2.823259372609028262e-01
1.345496009122006953e-01
1.342756183745583143e-01
1.394372112557748788e-01
1.421756989532264592e-01
5.648720211827008147e-02
1.067961165048543631e-01
1.619691845170988242e-01
1.232314011866727510e-01
6.072507552870090586e-02
1.357466063348416185e-01
1.750810560444650277e-01
1.000705965407694964e-01
3.315146224356176341e-01
1.850467289719626152e-01
1.026991441737985511e-01
1.554878048780487798e-01
1.757910597689603116e-01
4.270462633451957424e-02
1.785714285714285754e-01
7.086614173228346358e-02
1.024494142705005273e-01
1.722141823444283681e-01
1.189189189189189255e-01
1.159292035398230142e-01
1.528875041726938944e-01
3.174603174603174427e-02
1.626286093594424276e-01
1.239935587761674674e-01
2.268780671951679817e-01
1.567796610169491511e-01
8.333333333333332871e-02
6.831728564878496168e-02
7.239122063919907479e-02
1.182692307692307654e-01
3.966942148760330827e-02
1.715976331360946627e-01
2.623873873873873719e-01
4.104297440849830753e-02
1.549145299145299193e-01
9.054669703872438025e-02
5.252918287937743264e-02
4.477611940298507204e-02
1.560813615608136196e-01
4.819277108433735191e-02
9.162011173184357593e-02
8.227067050596462150e-02
1.919191919191919060e-01
1.132750397456279839e-01
1.291585127201565486e-01
1.435228331780055988e-01
1.295546558704453455e-01
2.135416666666666574e-01
1.111111111111111049e-01
1.412639405204461074e-01
1.260869565217391242e-01
4.320987654320987414e-02
1.328671328671328644e-01
1.014063656550703157e-01
4.939965694682675601e-02
3.251468232781633549e-01
2.779611294462779880e-01
6.272530641672674490e-02
1.059602649006622516e-01
1.008264462809917300e-01
3.059273422562141381e-02
2.815901561760529859e-01
9.492419248516809072e-02
1.929474384564204836e-01
1.990691013247404273e-01
1.179525222551928848e-01
1.842496285289747515e-01
2.122641509433962348e-01
7.166123778501629071e-02
9.534619750283768180e-02
6.540084388185654629e-02
1.547085201793721998e-01
5.810810810810811133e-02
2.001906577693041145e-02
1.606683804627249412e-01
4.094165813715455737e-02
9.499358151476251788e-02
1.432258064516128970e-01
1.798274717982747128e-01
1.278941565600882069e-01
1.291486291486291516e-01
1.033457249070632022e-01
2.161204605845881421e-01
7.857142857142856984e-02
1.087866108786610941e-01
1.878192534381139533e-01
1.093418259023354600e-01
1.281908990011098870e-01
9.722222222222222376e-02
1.072664359861591754e-01
2.094972067039106156e-01
1.128277153558052415e-01
1.141348497156783048e-01
1.059602649006622516e-01
2.107843137254901966e-01
1.061946902654867242e-01
1.162483487450462344e-01
2.424242424242424310e-01
4.291845493562231745e-02
3.079096045197740050e-01
1.611111111111111216e-01
3.577926015767131374e-02
2.964250248262164655e-01
6.315789473684210731e-02
1.666666666666666574e-01
1.596638655462184753e-01
1.532033426183843951e-02
1.542145593869731768e-01
1.439999999999999891e-01
8.754208754208754606e-02
2.942028985507246230e-01
1.236834998649743445e-01
4.639175257731958935e-02
2.378592666005946432e-02
4.360902255639097919e-02
2.320185614849187838e-02
3.391642371234208087e-01
1.119133574007220161e-01
8.104395604395604746e-02
1.538461538461538547e-01
2.472118959107806602e-01
7.772020725388600892e-02
1.663585951940850238e-01
1.279317697228145034e-01
2.736842105263158006e-02
9.139784946236559349e-02
1.968503937007874127e-01
1.331269349845201344e-01
1.134593993325917621e-01
1.694915254237288130e-02
1.927083333333333426e-01
1.379962192816635291e-01
1.716826265389876927e-01
4.770642201834862650e-02
7.499999999999999722e-02
3.971119133574007448e-02
7.593924860111909980e-02
1.083223249669749005e-01
1.255605381165919299e-01
6.391752577319587125e-02
1.209439528023598803e-01
2.083333333333333218e-02
1.337683523654159823e-01
5.215419501133786856e-02
1.550387596899224785e-02
1.896551724137930939e-01
5.955334987593052104e-02
1.826923076923076816e-01
9.523809523809523281e-02
9.477124183006535585e-02
9.774436090225563367e-02
1.179883945841392612e-01
1.097560975609756101e-01
3.184584178498985896e-01
9.247311827956988806e-02
1.207317073170731669e-01
1.199999999999999956e-01
1.925287356321838950e-01
1.685823754789272100e-01
8.764044943820224753e-02
1.544715447154471621e-01
1.984126984126984017e-02
9.762532981530343268e-02
6.930693069306931298e-02
6.233062330623306141e-02
6.355932203389830226e-02
1.293929712460063775e-01
1.616666666666666530e-01
1.943462897526501698e-01
1.644859813084112166e-01
6.074766355140186896e-02
1.109607577807848466e-01
7.084468664850136765e-02
1.132596685082872950e-01
1.554959785522788129e-01
1.836734693877551117e-01
1.428571428571428492e-01
1.205673758865248163e-01
1.578947368421052544e-01
1.621621621621621712e-01
3.007518796992481036e-02
5.926724137931034531e-02
1.479166666666666685e-01
1.475237091675447865e-01
8.189655172413792816e-02
2.666666666666666838e-02
8.607594936708860833e-02
1.732851985559566710e-01
8.974358974358974395e-02
1.266149870801033528e-01
1.246882793017456414e-01
2.172211350293541954e-01
5.609756097560975735e-02
1.044776119402985037e-01
9.226190476190476719e-02
1.472081218274111647e-01
1.218045112781954847e-01
3.333333333333333148e-01
1.304347826086956486e-01
7.736389684813753387e-02
1.822033898305084609e-01
1.271889400921658864e-01
9.163346613545816921e-02
9.836065573770491621e-02
4.745762711864406902e-02
1.960784313725490169e-01
1.274509803921568540e-01
0.000000000000000000e+00
1.485148514851485080e-01
1.081081081081081141e-01
3.489461358313817319e-01
1.219512195121951192e-01
1.250000000000000000e-01
5.936920222634508443e-02
1.199999999999999956e-01
2.067307692307692180e-01
2.444444444444444364e-01
2.739726027397260122e-01
1.983122362869198241e-01
3.174061433447099012e-01
9.502262443438913575e-02
1.359550561797752688e-01
1.250000000000000000e-01
3.246753246753246724e-01
2.361111111111111049e-01
2.835130970724191179e-01
7.633587786259542207e-02
2.013201320132013139e-01
2.982456140350877027e-01
8.484848484848485362e-02
3.296703296703296787e-02
1.111111111111111049e-01
1.019230769230769218e-01
6.043956043956043994e-02
1.574803149606299191e-01
4.115226337448559674e-02
1.055045871559633086e-01
2.786885245901639385e-02
1.750547045951859892e-01
7.499999999999999722e-02
1.118881118881118880e-01
1.198347107438016562e-01
1.551246537396121783e-01
2.912621359223301065e-02
1.083333333333333370e-01
9.495548961424332690e-02
2.020725388601036232e-01
1.213592233009708754e-01
4.940711462450592811e-02
2.352941176470588203e-01
1.689655172413793149e-01
1.036036036036036001e-01
2.241379310344827624e-01
1.004784688995215280e-01
1.466666666666666674e-01
3.636363636363636187e-02
2.166666666666666741e-01
1.239193083573486981e-01
1.756756756756756854e-01
1.849529780564263259e-01
1.562500000000000000e-01
1.888888888888888840e-01
1.057268722466960381e-01
1.666666666666666574e-01
6.355932203389830226e-02
3.206997084548104948e-02
9.572301425661913776e-02
1.571428571428571397e-01
2.352941176470588203e-01
1.330472103004291806e-01
1.772151898734177222e-01
1.578947368421052544e-01
6.923076923076923461e-02
2.388059701492537268e-01
1.707317073170731836e-01
1.812865497076023291e-01
1.499999999999999944e-01
3.235294117647058987e-01
1.937172774869110048e-01
1.274509803921568540e-01
2.991452991452991372e-01
1.042654028436018898e-01
2.206896551724137900e-01
9.859154929577464144e-02
1.250000000000000000e-01
3.257328990228013088e-02
1.482889733840304092e-01
1.277777777777777679e-01
1.041666666666666713e-01
1.647058823529411742e-01
1.555555555555555580e-01
6.923076923076923461e-02
1.459074733096085430e-01
9.803921568627450844e-02
1.052631578947368363e-01
1.190476190476190410e-01
1.031390134529148045e-01
1.549295774647887203e-01
1.333333333333333315e-01
1.063829787234042562e-01
1.333333333333333315e-01
1.235294117647058876e-01
1.958041958041958075e-01
2.222222222222222099e-01
7.692307692307692735e-02
1.617647058823529493e-01
1.333333333333333315e-01
1.079136690647481966e-01
1.061946902654867242e-01
3.019801980198019709e-01
1.904761904761904656e-01
1.538461538461538547e-01
7.954545454545454419e-02
1.428571428571428492e-01
8.791208791208791895e-02
2.857142857142857054e-02
9.589041095890410427e-02
1.377245508982035960e-01
1.162790697674418589e-01
2.358490566037735880e-01
1.960784313725490169e-01
1.082802547770700674e-01
4.477611940298507204e-02
1.971830985915492829e-01
8.849557522123893682e-02
1.574803149606299191e-01
2.653061224489796088e-01
1.666666666666666574e-01
6.976744186046511531e-02
8.620689655172414367e-02
2.575757575757575690e-01
2.500000000000000000e-01
7.692307692307692735e-02
1.000000000000000056e-01
9.677419354838709409e-02
2.857142857142856984e-01
0.000000000000000000e+00
