8.278454880907211433e-02
1.217243468571067716e-01
6.843146267797969862e-02
6.934962190901108881e-02
7.038304594651544066e-02
2.234629250485806462e-01
1.562089480732174462e-01
1.091096571778390756e-01
2.129029006522262513e-01
1.024959742351047726e-01
9.461182878612668656e-02
9.965266465266417462e-02
4.438049462180058274e-02
6.950868793949017965e-02
3.050319034300733034e-02
9.066149311029574054e-02
2.589398213091591572e-01
1.644863222944012993e-01
9.738225658261147333e-02
9.732723207063377624e-02
2.600221446678139814e-01
5.501178877832946928e-02
2.301365898650562514e-01
2.717402024994497456e-01
3.024077089646112215e-01
9.385133772568349242e-02
2.117609582059124529e-01
5.386551857479952854e-02
2.166960476506919198e-01
3.165758217150501652e-01
7.265509951178494852e-02
1.133703293057762018e-01
1.272865016500954183e-01
7.796525264057746485e-02
6.870552104899925461e-02
2.237129777580082746e-01
1.537953795379538857e-01
6.335023272340098432e-02
1.048369267293849522e-01
3.306451656569692199e-01
4.626933617351129679e-02
6.208082778048647221e-02
1.499559571586813467e-01
1.038813022245303336e-01
1.413031589783185216e-01
2.540893817171028385e-02
8.613343278454624330e-02
1.522944214992483503e-01
8.897747586782744911e-02
5.938036479222622011e-02
1.571311082235276047e-01
1.900819455590143647e-01
2.511465556318055736e-02
3.063306631063638097e-01
6.303027135442634821e-02
1.237575612368195382e-01
1.603903370425458219e-01
1.217546885292964537e-01
2.669816538982561771e-01
1.140003857791773156e-01
1.195818610129563697e-01
1.193578821006454072e-01
1.211696524686555060e-01
4.410282291426802920e-02
9.509056201134369335e-02
1.383599201590886285e-01
1.089907321129910400e-01
5.621492666957639966e-02
1.068144832463719246e-01
1.492816352037665273e-01
8.839784834706440608e-02
3.207265175292228765e-01
1.675596656107925797e-01
9.350276515061782534e-02
1.368141878201568906e-01
1.537757414728237182e-01
3.942834547816756463e-02
1.517545378733016204e-01
5.936630080330865256e-02
8.733675622056329135e-02
1.520876180109072828e-01
1.008446081364222507e-01
1.057005899705014684e-01
1.318779671799863162e-01
2.583199141170154645e-02
1.445814527069082256e-01
1.110171787792282594e-01
2.097413017041254990e-01
1.450299504324927824e-01
6.720150560224087688e-02
5.725780931746336788e-02
6.095148247901419070e-02
1.033573209985745589e-01
3.452774498229040784e-02
1.589180050718511372e-01
2.505722880722882073e-01
3.661489276943294402e-02
1.379796987828661448e-01
8.349468488990118009e-02
4.392949786918655397e-02
3.931553060906293334e-02
1.365793575519386460e-01
4.698795180722891568e-02
7.561118026812388426e-02
7.379910173477327584e-02
1.732476277930823372e-01
9.868798701910432014e-02
1.156625663964216399e-01
1.258468956744818179e-01
1.063904104151781188e-01
2.039785879629629484e-01
9.622071050642476420e-02
1.274788582360488753e-01
1.158776167471822216e-01
4.074074074074073709e-02
1.223776223776223554e-01
8.708344009882311443e-02
4.147401754154483866e-02
3.047994164815592821e-01
2.640350410702457795e-01
5.908267711620270729e-02
9.191501103752755530e-02
9.242829140556421685e-02
2.785213511790949129e-02
2.602598528201861550e-01
9.069449557254424810e-02
1.681758583926288297e-01
1.789672981670824004e-01
1.002715366418436699e-01
1.643464383864792211e-01
2.021900269541779260e-01
5.897889777081190971e-02
8.594270395703401677e-02
5.494559286443143759e-02
1.366027283628180877e-01
5.217171717171717460e-02
1.659078330312841604e-02
1.451982714514848116e-01
3.710438115880947824e-02
8.596518038785465332e-02
1.287449539707606061e-01
1.600350635890918083e-01
1.072790870920996842e-01
1.082954651767860099e-01
8.787648115310706110e-02
1.954775836308163817e-01
7.566226732677344691e-02
9.486350298506218692e-02
1.669223402350938079e-01
9.158953272178231575e-02
1.148747282805132747e-01
9.161324786324781533e-02
9.354094579008069565e-02
1.933948719152468743e-01
9.861785813937436196e-02
1.007058139874778269e-01
9.629454430778933149e-02
1.892814009661836772e-01
8.915629666715245427e-02
1.039869157702712210e-01
2.161998752669109514e-01
3.834048640915593137e-02
2.981638418079094466e-01
1.506313131313131437e-01
3.047662363914641070e-02
2.840478945173712244e-01
5.918128654970760544e-02
1.515873015873014651e-01
1.499936338171632966e-01
1.257434508769055687e-02
1.324285237354743128e-01
1.335166666666665891e-01
7.014963288770198480e-02
2.797577827117461169e-01
1.090581307351490559e-01
3.820125471983854687e-02
2.250578130161875676e-02
3.903069361715977986e-02
1.968279102849868067e-02
3.272002284623120039e-01
9.746862643974556206e-02
7.486263736263744362e-02
1.348004334846440722e-01
2.250228654039062581e-01
7.350933464923106730e-02
1.458681472925247580e-01
1.171692517933873440e-01
2.264976836029467672e-02
8.391577060931894316e-02
1.916010498687663599e-01
1.136205877077914594e-01
1.031946023325333445e-01
1.694915254237288130e-02
1.734557330974776379e-01
1.246474330122723795e-01
1.584596042680512795e-01
3.814998839955281024e-02
6.127701683743674854e-02
3.551124968092479739e-02
6.791564352221736434e-02
9.172704588820833338e-02
1.062138263154464857e-01
6.213058419243981667e-02
9.727535128619915761e-02
1.783459595959596342e-02
1.185745988524863764e-01
4.515171147824208892e-02
1.245539559493047919e-02
1.827586206896552323e-01
5.200718918885299108e-02
1.641025641025640747e-01
9.126984126984126477e-02
8.299504987180046645e-02
9.210526315789470397e-02
1.056652459940661953e-01
1.097560975609756101e-01
3.008137737853765481e-01
8.228195937873371280e-02
1.004864423125014505e-01
9.040187590187591382e-02
1.773068326947639384e-01
1.527458492975734272e-01
8.576779026217229429e-02
1.320226183031060485e-01
1.749338624338624137e-02
7.884936816335232079e-02
5.848448031616344800e-02
4.960739350983251611e-02
6.108757062146892569e-02
1.158881077211749433e-01
1.404854816236397741e-01
1.778731280498067890e-01
1.430601295554567165e-01
5.158280841692053365e-02
9.505458595088978058e-02
6.111440192710184544e-02
9.520192054722451114e-02
1.433901442614579080e-01
1.711288823938557635e-01
1.241071428571427770e-01
9.853090172239099831e-02
1.365511681301155023e-01
1.501787501787501533e-01
2.446493217169907336e-02
4.911352925925366320e-02
1.348487103174604296e-01
1.285807068473031611e-01
6.932937751903271717e-02
2.555555555555555358e-02
7.137225976333237687e-02
1.666666666666667962e-01
8.050213675213675757e-02
1.109799555658390335e-01
1.007946403831690846e-01
1.948482589382785624e-01
4.759344314222360706e-02
9.682391613361755744e-02
7.458030560709129342e-02
1.289911442195705860e-01
9.927730581865942816e-02
3.163053297199635572e-01
1.257812499999999001e-01
7.105676081320777548e-02
1.600037203850763756e-01
1.124313768668608604e-01
7.929700611473529392e-02
8.948087431693986515e-02
4.463276836158196204e-02
1.813725490196077816e-01
1.235294117647058737e-01
0.000000000000000000e+00
1.351485148514851575e-01
9.442880380380393179e-02
3.388630105257735003e-01
1.119337979094077173e-01
1.147456709956709009e-01
5.404493465717955664e-02
1.072222222222221910e-01
1.980168269230770661e-01
2.329100529100528727e-01
2.635083713850838172e-01
1.806701619992757690e-01
3.011912674028716652e-01
9.019607843137253389e-02
1.209601104264026172e-01
1.099288337924701348e-01
2.987012987012986343e-01
2.083273979107312102e-01
2.729400542959866116e-01
6.639442618450264177e-02
1.837921292129213735e-01
2.786995898838010022e-01
6.947811447811447216e-02
2.280219780219779405e-02
1.070707070707070524e-01
8.219752469752475421e-02
4.859879130823886728e-02
1.360057265569076523e-01
3.868312757201645274e-02
9.117882627056937694e-02
2.439943935845574965e-02
1.673390964173909479e-01
5.758169934640517545e-02
9.472043108406745515e-02
1.101928374655648246e-01
1.386734379809174966e-01
2.912621359223300371e-02
9.847056878306872929e-02
8.027252174136446927e-02
1.912206738969521869e-01
1.097994508188683688e-01
4.085733107472236392e-02
2.026143790849673221e-01
1.450843122394849805e-01
9.391891891891893107e-02
2.076098111658456480e-01
8.878256246677300456e-02
1.364444444444443960e-01
3.636363636363636187e-02
2.018518518518518101e-01
1.069261470198069885e-01
1.490185490185489958e-01
1.653244806168344405e-01
1.423177083333332649e-01
1.544123674679233615e-01
9.615109560043484660e-02
1.458333333333333703e-01
5.632979308826763926e-02
3.032069970845481174e-02
9.187163820565054373e-02
1.304761904761906066e-01
2.168152109328579658e-01
1.228540772532188269e-01
1.590717299578058297e-01
1.365914786967418471e-01
6.666666666666665186e-02
2.014007551320984302e-01
1.403406891211768925e-01
1.588662679242389408e-01
1.416666666666666630e-01
3.050420168067226601e-01
1.749563699825479879e-01
1.137087126517275504e-01
2.583129833129834130e-01
9.114571579026556347e-02
1.917241379310343496e-01
9.859154929577465531e-02
1.151556776556776074e-01
3.072108322156222315e-02
1.275322718050856119e-01
1.087554112554112440e-01
1.041666666666666713e-01
1.404847766612472293e-01
1.499999999999999667e-01
6.410256410256411075e-02
1.353885959286840468e-01
8.002645502645500120e-02
1.008771929824561348e-01
1.023988542785535111e-01
9.139358399448083148e-02
1.248490945674044506e-01
9.204319408922992385e-02
9.473995271867613477e-02
1.333333333333333315e-01
9.572595704948644313e-02
1.642614960796778545e-01
2.002314814814815103e-01
7.692307692307692735e-02
1.513480392156863197e-01
1.289682539682540097e-01
9.664268585131889633e-02
8.982300884955750353e-02
2.842762847713344310e-01
1.640211640211639843e-01
1.369963369963370370e-01
6.647727272727271819e-02
1.264880952380952051e-01
8.791208791208791895e-02
2.857142857142857054e-02
8.789954337899542891e-02
1.283455815641444953e-01
1.111111111111110911e-01
2.327044025157233020e-01
1.752673796791444083e-01
9.636065725099228485e-02
3.980099502487562807e-02
1.971830985915491996e-01
8.230088495575220431e-02
1.391076115485564424e-01
2.503401360544217358e-01
1.516203703703703776e-01
6.976744186046511531e-02
8.620689655172414367e-02
2.499999999999999445e-01
2.325892857142857484e-01
6.384615384615385802e-02
9.166666666666668795e-02
9.354838709677422426e-02
2.857142857142856984e-01
0.000000000000000000e+00
