2.322014188393950462e-03
3.128438023850321770e-03
1.478832797147333622e-03
2.162262098863720894e-03
1.495766220614314079e-03
3.004178171977400780e-03
1.905453274957835674e-03
2.421655459329485893e-03
2.345525892451405525e-03
1.991981174796819687e-03
3.042574273422360420e-03
1.270119915716350079e-03
2.335000084713101387e-03
2.333772368729114532e-03
2.205713884904980659e-03
1.584663055837154388e-03
4.072733223438262939e-03
1.562992110848426819e-03
1.649224781431257725e-03
2.139201387763023376e-03
3.834606846794486046e-03
1.570687512867152691e-03
2.041611820459365845e-03
2.441203920170664787e-03
2.320364583283662796e-03
3.187038004398345947e-03
2.994960406795144081e-03
1.582538126967847347e-03
3.100778441876173019e-03
3.240859368816018105e-03
2.675547264516353607e-03
2.462355885654687881e-03
2.739279763773083687e-03
2.028100425377488136e-03
1.864846562966704369e-03
2.942638006061315536e-03
2.679930767044425011e-03
2.173681743443012238e-03
1.752914860844612122e-03
3.240606049075722694e-03
1.233232673257589340e-03
1.655116211622953415e-03
3.858729731291532516e-03
2.724112244322896004e-03
2.564671682193875313e-03
1.493537216447293758e-03
2.020301064476370811e-03
2.376231132075190544e-03
2.370040398091077805e-03
1.439679414033889771e-03
2.617106772959232330e-03
2.554137492552399635e-03
1.205765758641064167e-03
2.331233583390712738e-03
2.235939027741551399e-03
2.910145558416843414e-03
2.277933293953537941e-03
3.190124873071908951e-03
2.505129668861627579e-03
2.958251861855387688e-03
2.444977639243006706e-03
1.736540230922400951e-03
2.874667989090085030e-03
1.961908536031842232e-03
2.703161211684346199e-03
2.833131002262234688e-03
2.763774013146758080e-03
1.415055943652987480e-03
1.988507807254791260e-03
2.226002514362335205e-03
2.214196138083934784e-03
2.956995507702231407e-03
2.372844610363245010e-03
1.847114413976669312e-03
3.984470386058092117e-03
2.909593749791383743e-03
2.242408692836761475e-03
2.759266877546906471e-03
1.958735287189483643e-03
2.957413904368877411e-03
2.998363925144076347e-03
2.596427220851182938e-03
1.771969371475279331e-03
2.983332378789782524e-03
1.530240522697567940e-03
2.330613555386662483e-03
3.239388344809412956e-03
2.319936640560626984e-03
3.103932365775108337e-03
2.322240499779582024e-03
1.491934875957667828e-03
1.232316601090133190e-03
1.692593679763376713e-03
2.047195564955472946e-03
3.260359633713960648e-03
1.842036843299865723e-03
1.347315963357686996e-03
2.311963355168700218e-03
2.077566459774971008e-03
2.376678399741649628e-03
1.708544907160103321e-03
2.659979974851012230e-03
2.182496013119816780e-03
1.659259083680808544e-03
2.032143529504537582e-03
3.417489118874073029e-03
1.800944446586072445e-03
2.615490462630987167e-03
2.328397938981652260e-03
2.330185147002339363e-03
1.814263057895004749e-03
2.764790318906307220e-03
3.026262857019901276e-03
1.951419864781200886e-03
1.934239990077912807e-03
3.038440132513642311e-03
1.677019638009369373e-03
9.030597284436225891e-04
2.554447622969746590e-03
2.471644431352615356e-03
1.503146369941532612e-03
3.196850884705781937e-03
2.175668021664023399e-03
2.193294465541839600e-03
4.202255979180335999e-03
2.492437837645411491e-03
4.097184166312217712e-03
3.128846641629934311e-03
2.446622122079133987e-03
1.809741253964602947e-03
3.516297787427902222e-03
2.000530716031789780e-03
1.610798528417944908e-03
1.688555814325809479e-03
2.206030301749706268e-03
2.540281508117914200e-03
1.333307707682251930e-03
2.526744967326521873e-03
1.149280462414026260e-03
2.198335481807589531e-03
2.384546911343932152e-03
1.709469128400087357e-03
2.657226053997874260e-03
2.511883387342095375e-03
1.999540720134973526e-03
3.799078054726123810e-03
1.470090355724096298e-03
1.898123766295611858e-03
2.391223330050706863e-03
2.360701793804764748e-03
2.368981018662452698e-03
3.152516670525074005e-03
2.883177716284990311e-03
3.389613935723900795e-03
2.117653610184788704e-03
1.946024247445166111e-03
1.650897087529301643e-03
2.292159944772720337e-03
3.000422148033976555e-03
2.211188664659857750e-03
3.034783760085701942e-03
1.466816291213035583e-03
2.358585828915238380e-03
3.385147079825401306e-03
1.301107811741530895e-03
2.341871382668614388e-03
1.874420326203107834e-03
3.612353000789880753e-03
2.569292904809117317e-03
9.781913831830024719e-04
2.476816764101386070e-03
2.708928659558296204e-03
2.811019076034426689e-03
2.490693237632513046e-03
1.738420338369905949e-03
2.367382170632481575e-03
1.236190670169889927e-03
2.376857679337263107e-03
1.555677852593362331e-03
3.764368128031492233e-03
2.255094237625598907e-03
1.576263457536697388e-03
2.935532014816999435e-03
2.860350767150521278e-03
1.279728487133979797e-03
3.745984751731157303e-03
2.771510276943445206e-03
1.147079514339566231e-03
2.159078139811754227e-03
3.108340315520763397e-03
3.032194450497627258e-03
2.433353336527943611e-03
2.176455687731504440e-03
3.140842309221625328e-03
2.312903292477130890e-03
4.520260263234376907e-03
1.328600221313536167e-03
3.030981635674834251e-03
2.253416460007429123e-03
2.340032486245036125e-03
1.836352283135056496e-03
3.181361127644777298e-03
1.368134282529354095e-03
2.650329377502202988e-03
1.609600265510380268e-03
2.209082012996077538e-03
1.551392371766269207e-03
1.410629251040518284e-03
3.168878378346562386e-03
2.311630174517631531e-03
3.329188562929630280e-03
2.543305512517690659e-03
2.600965555757284164e-03
2.334259683266282082e-03
2.787580480799078941e-03
2.733811270445585251e-03
3.955198917537927628e-03
2.814654493704438210e-03
3.105874406173825264e-03
2.464254852384328842e-03
3.173185745254158974e-03
2.792192855849862099e-03
1.384976203553378582e-03
2.705723978579044342e-03
1.091721816919744015e-03
1.935072708874940872e-03
1.599831390194594860e-03
1.575853093527257442e-03
2.286287257447838783e-03
2.676746342331171036e-03
2.506562974303960800e-03
3.155557438731193542e-03
3.158901352435350418e-03
2.543296897783875465e-03
2.447842853143811226e-03
1.873432076536118984e-03
2.193671418353915215e-03
2.114427741616964340e-03
3.125265007838606834e-03
2.892342628911137581e-03
2.675832947716116905e-03
2.933416049927473068e-03
3.206018125638365746e-03
1.238197670318186283e-03
1.303470111452043056e-03
2.803071169182658195e-03
2.881243824958801270e-03
2.269744407385587692e-03
2.302781445905566216e-03
2.342221792787313461e-03
2.807505428791046143e-03
3.078576410189270973e-03
2.554964972659945488e-03
2.969352528452873230e-03
3.131484379991889000e-03
2.556699560955166817e-03
2.320659114047884941e-03
2.097490476444363594e-03
3.111606929451227188e-03
2.348284004256129265e-03
2.924902131780982018e-03
3.237722441554069519e-03
2.076847944408655167e-03
3.223401727154850960e-03
2.642997540533542633e-03
2.863045549020171165e-03
2.229841891676187515e-03
2.129375468939542770e-03
3.214122960343956947e-03
2.001265063881874084e-03
2.538494300097227097e-03
2.412983216345310211e-03
1.484541688114404678e-03
3.762353444471955299e-03
1.967811491340398788e-03
2.641325350850820541e-03
1.833850750699639320e-03
2.480700612068176270e-03
2.173573710024356842e-03
3.813499119132757187e-03
2.504088683053851128e-03
2.496788976714015007e-03
2.533825114369392395e-03
2.439501229673624039e-03
2.608967712149024010e-03
2.653760369867086411e-03
3.613721579313278198e-03
2.984066028147935867e-03
2.480197232216596603e-03
3.017306793481111526e-03
4.304938949644565582e-03
3.694396466016769409e-03
1.823335303924977779e-03
1.823510858230292797e-03
2.698952797800302505e-03
2.324107103049755096e-03
1.939890440553426743e-03
3.306932048872113228e-03
1.816452131606638432e-03
2.136453287675976753e-03
1.097864587791264057e-03
3.025843529030680656e-03
2.278379397466778755e-03
2.284043468534946442e-03
1.832528389059007168e-03
2.329509938135743141e-03
2.204005140811204910e-03
3.066880395635962486e-03
2.837442560121417046e-03
2.976018702611327171e-03
1.562861958518624306e-03
1.204387517645955086e-03
3.253270871937274933e-03
3.638576017692685127e-03
2.130986656993627548e-03
3.643484786152839661e-03
2.347310539335012436e-03
2.376095158979296684e-03
1.769004971720278263e-03
2.771378261968493462e-03
2.671330003067851067e-03
2.773069078102707863e-03
3.134303726255893707e-03
1.923762029036879539e-03
3.640597686171531677e-03
2.419112483039498329e-03
2.789352787658572197e-03
2.126141916960477829e-03
1.178208272904157639e-03
3.428881755098700523e-03
3.404082497581839561e-03
3.701453329995274544e-03
2.202409086748957634e-03
2.835568040609359741e-03
2.627675654366612434e-03
2.423065947368741035e-03
3.011655993759632111e-03
2.613383810967206955e-03
3.428556490689516068e-03
3.068673191592097282e-03
3.405870171263813972e-03
3.223756095394492149e-03
2.977718366310000420e-03
4.121997859328985214e-03
2.336251316592097282e-03
3.615635680034756660e-03
2.343096071854233742e-03
3.171216696500778198e-03
1.915346016176044941e-03
2.723056590184569359e-03
3.044130047783255577e-03
2.211788902059197426e-03
2.600732259452342987e-03
2.532074926421046257e-03
2.015502890571951866e-03
2.428194042295217514e-03
2.996903611347079277e-03
2.572129713371396065e-03
2.578274812549352646e-03
2.513876417651772499e-03
2.939308993518352509e-03
2.706005470827221870e-03
2.441878896206617355e-03
2.694884082302451134e-03
3.190978197380900383e-03
2.748725935816764832e-03
3.420238150283694267e-03
2.637266414240002632e-03
2.465338446199893951e-03
2.614771481603384018e-03
2.513941144570708275e-03
2.865740330889821053e-03
3.120400942862033844e-03
2.791087375953793526e-03
2.932899631559848785e-03
2.811999525874853134e-03
2.847380237653851509e-03
1.957590458914637566e-03
2.858588704839348793e-03
2.821963513270020485e-03
3.164212685078382492e-03
3.309447318315505981e-03
3.026403253898024559e-03
2.796659246087074280e-03
2.861103741452097893e-03
2.240956993773579597e-03
3.570402506738901138e-03
2.312339842319488525e-03
3.144918475300073624e-03
3.535992698743939400e-03
3.192701376974582672e-03
2.175278030335903168e-03
2.080325735732913017e-03
3.394582308828830719e-03
3.802064573392271996e-03
2.702292753383517265e-03
2.271576784551143646e-03
2.574796555563807487e-03
3.261683043092489243e-03
3.043288830667734146e-03
