1.183020390113379006e-01
1.375215530817683884e-01
1.016324306998480226e-01
9.873234454618498579e-02
1.188975356843965242e-01
1.820263834010070192e-01
1.450930073255170816e-01
1.365215546908336575e-01
1.611869408064685871e-01
9.033061696362554294e-02
1.343989919111071296e-01
1.201877425544467110e-01
1.220181015337994113e-01
1.219031861738922445e-01
7.738397248967555930e-02
1.140910778568598183e-01
1.801803845817073202e-01
1.395010602925859378e-01
1.302373160334913682e-01
1.107299215362066852e-01
1.742796313329415259e-01
1.073678086201349940e-01
1.691754314600184828e-01
1.571645224429103205e-01
1.530632242413278721e-01
1.281534909390609489e-01
1.255600284053533799e-01
1.000476673772321828e-01
1.546724482556918190e-01
1.667181261895145372e-01
1.408955447255603732e-01
1.232782561655613035e-01
1.288086608945829270e-01
1.324218774629532802e-01
1.050506733132131193e-01
1.534865998280020294e-01
1.116704522522495024e-01
1.446510544540642873e-01
1.172161919428784949e-01
1.650037287598759561e-01
1.018312167316074435e-01
9.378110482699453243e-02
1.725525695735499743e-01
1.256852138394519980e-01
1.542234148198770305e-01
7.845880261674501033e-02
1.108971031034136634e-01
1.473424747005503410e-01
1.043007587444218509e-01
1.108075122252620559e-01
1.562434956667694552e-01
1.510768422624697849e-01
7.681395751949315898e-02
1.550720241239182950e-01
1.131194802165954583e-01
1.392479404438500823e-01
1.470135250576074526e-01
1.285907385469202968e-01
1.503842663070317498e-01
1.235984979610042084e-01
1.129186785507821644e-01
1.353068014943564767e-01
1.482928931974935027e-01
1.238538078482021854e-01
1.197744650154413670e-01
1.427431297339232241e-01
1.331800147043729343e-01
8.351962261842618696e-02
1.175819005395443984e-01
1.423009370928578488e-01
1.120265083523445393e-01
1.699775841102041940e-01
1.468144245165848849e-01
1.108688679202183697e-01
1.449424756224405308e-01
1.342109753050199639e-01
8.751538986305021361e-02
1.463118605541460504e-01
8.878754560097024129e-02
1.165661289718385868e-01
1.417577891956421365e-01
1.299180562259922012e-01
1.119457694386741253e-01
1.444589715853877576e-01
9.382812683825535183e-02
1.598633117911991142e-01
1.311866521675099651e-01
1.815890663252806569e-01
1.315145539086418902e-01
1.091478263091950063e-01
9.077643811234521742e-02
1.146974685932654336e-01
1.056669295982246015e-01
8.972906949865752657e-02
1.219827938748865720e-01
1.378233234783441952e-01
8.627158820851012211e-02
1.169826661485385139e-01
9.917336362414061468e-02
1.000406272814471920e-01
8.437231711148383828e-02
1.422140242798172471e-01
7.401494902311539503e-02
1.161683105299297775e-01
1.364954925573494404e-01
1.388469547888294686e-01
1.545973625143732821e-01
1.090281923714050138e-01
1.328834457179674799e-01
1.419958274786335406e-01
1.145853636174484352e-01
1.242954536367242568e-01
1.507821622304618414e-01
1.386089084467800048e-01
6.664949926630694965e-02
1.158180143898246001e-01
1.219009146012831474e-01
8.690235490427801468e-02
1.618629862828289689e-01
1.499931533960738306e-01
8.758772365510610058e-02
1.332803997994944645e-01
9.604136873302715482e-02
8.418751608434260625e-02
1.788582432832090674e-01
9.211051690302723971e-02
1.627643089924714903e-01
1.456110659928526729e-01
1.164638293895825516e-01
1.309212887015445692e-01
1.405485425249583253e-01
1.345081987265401846e-01
1.069872821930981516e-01
9.942268168067072698e-02
1.339844371701893466e-01
8.864041917701870332e-02
6.925177434200832649e-02
1.171410135478557352e-01
8.506477203516833729e-02
1.177244369548402364e-01
1.152402859518027040e-01
1.438624380899020949e-01
1.504590350450999148e-01
1.300118477336071332e-01
1.391644739465341118e-01
1.501182668403539255e-01
1.048173047878124126e-01
1.083929960599370468e-01
1.423452167423686632e-01
1.158992675322763344e-01
1.414054051257561950e-01
1.297673949350913458e-01
9.571716110363151508e-02
1.407743202666369708e-01
1.412229910981681602e-01
1.156435866570675458e-01
1.042229609748164393e-01
1.459145480146010754e-01
1.336462554192468233e-01
1.137657230783423179e-01
1.504680516708886695e-01
7.779567114266683348e-02
1.404472080562887693e-01
1.460660108536177837e-01
8.302557334292116897e-02
1.555758248488045559e-01
7.952445256055001854e-02
1.215884389731195503e-01
1.291927462961110773e-01
6.707051998723639885e-02
1.221332919545879969e-01
1.064950481097954871e-01
1.196898772331649041e-01
1.540653749380442306e-01
1.180286378636583172e-01
1.139239416562536772e-01
5.871035814154017957e-02
7.096193128638438041e-02
8.753685034456706870e-02
1.594290953622763407e-01
1.437969980193529174e-01
9.390670811962426034e-02
1.290714795083959254e-01
1.514072734922266295e-01
9.766921134818630501e-02
1.414699505662500023e-01
1.286154276316168188e-01
8.634676360081704194e-02
1.068416250819515800e-01
1.216253426759258682e-01
1.347062167660075804e-01
1.045209901862358265e-01
4.567036620880428333e-02
1.652813528032441304e-01
1.235873898285687195e-01
1.381488031276115469e-01
9.058724885591520892e-02
1.185667642129907690e-01
1.181220704939827948e-01
1.184485508638803419e-01
1.157682243057272659e-01
1.434590485282242200e-01
8.866423507685146366e-02
1.431219628689312795e-01
5.701649462930673956e-02
1.342398620471752513e-01
8.635390836875452003e-02
8.223527900362490040e-02
1.273293002907718852e-01
9.488863053743309961e-02
1.252858282495585562e-01
9.485875741868722566e-02
1.402106195581810932e-01
1.007956807501614038e-01
1.270182727200120654e-01
9.224013751372694969e-02
1.680565809988429915e-01
1.373170133371897639e-01
1.145439984074259898e-01
1.574918306299618320e-01
1.462802881495424701e-01
1.086865505598711285e-01
7.178611314770849683e-02
1.200427616762758110e-01
5.611035739083921475e-02
1.060748359917298572e-01
9.592693148380411483e-02
8.708448693491695203e-02
5.096288652183782186e-02
1.165481848760806932e-01
1.447258504448642180e-01
1.361261194641268102e-01
1.344292137039878876e-01
1.016619864106178273e-01
1.042950015535557690e-01
1.051229152352714385e-01
1.106793310027569532e-01
1.280469063127264717e-01
1.426620595094005850e-01
1.152956736147065092e-01
1.152017013672953366e-01
1.523231219109748569e-01
1.443505482748150826e-01
8.349951098759864077e-02
9.623611138078412564e-02
1.155617818781023431e-01
1.205765156908824576e-01
1.192603727892762172e-01
5.771278598627378742e-02
1.229080355211400744e-01
1.325323286902353181e-01
1.053860589200931175e-01
1.292247023289474217e-01
1.189741907299671081e-01
1.365646584109471984e-01
9.902239102975800289e-02
1.050027712455226248e-01
9.492798728766430050e-02
1.291728459668060880e-01
1.245986305614613932e-01
1.510829740885274164e-01
1.584663288573724960e-01
1.086403333895326201e-01
1.528170280741388276e-01
1.329678134180080351e-01
1.196977343153016321e-01
9.314077127211052576e-02
7.694859164969428122e-02
1.527860207432830686e-01
1.041266730710588145e-01
3.787039406597614288e-02
9.704611277015044724e-02
1.263321758215797397e-01
1.710175389119709677e-01
1.172269842354580760e-01
1.182882283227863068e-01
8.258897347304110237e-02
1.179948358072174935e-01
1.201478983478053708e-01
1.337361443491483226e-01
1.418545436210544575e-01
1.395573784607427315e-01
1.514648043843403180e-01
9.432057650903095947e-02
1.331613634317887485e-01
1.240124320733900082e-01
1.850127168775846653e-01
1.779336082935333296e-01
1.532632566997971513e-01
1.220779522605564271e-01
1.798125194090474388e-01
1.776763203744896047e-01
1.109184766292711233e-01
4.742081312681822175e-02
1.082754257167207745e-01
1.177332621429078158e-01
1.239899309871735356e-01
1.410425914567895178e-01
8.795338783617297207e-02
1.251923406209029810e-01
9.121858288321955943e-02
1.562211650448876443e-01
1.726633697872360651e-01
1.123401440510695681e-01
1.074524037209702715e-01
1.488344998464053992e-01
8.679749956354498863e-02
1.081554025728651836e-01
1.051167389872857405e-01
1.615354592547468549e-01
9.083166586258160924e-02
9.644396884312618490e-02
1.568834479632122136e-01
1.421331063333538258e-01
9.139027376659214497e-02
1.406441461834786466e-01
1.036224653732708972e-01
1.064637407053554974e-01
6.032308840121214377e-02
1.221636661461421441e-01
1.256256730854511394e-01
1.785428717811690935e-01
1.418043111203884654e-01
1.462310515914340414e-01
1.590659706575783539e-01
1.089902446237242528e-01
1.335988275154873228e-01
7.349289853305843168e-02
7.535814533936949222e-02
1.268521072954809648e-01
1.660809996335402827e-01
1.478433394638289378e-01
7.146339429129890120e-02
1.326725053011762745e-01
6.804075587148729343e-02
7.798673817340065484e-02
1.589904491242671858e-01
1.292826276129254992e-01
1.427832763852938114e-01
1.055502968115939050e-01
1.697540921361549993e-01
1.316969654212395424e-01
1.332706025851422837e-01
1.436166718364662032e-01
1.215735955735329915e-01
1.562675821284452982e-01
1.099942722357809544e-01
1.214227892698780120e-01
8.009309061361770399e-02
1.325832577136579482e-01
1.127600135957508992e-01
9.071741820209555662e-02
1.304070542366067009e-01
1.410222225822508335e-01
8.116705558338277449e-02
1.190657881429282583e-01
1.333481478259751773e-01
8.534479742667760993e-02
1.018686014349046015e-01
1.141145848925775447e-01
1.123322895232667373e-01
1.148009279154633272e-01
1.235410596681646572e-01
9.707435682092023510e-02
8.902682201837056053e-02
1.284281981054199717e-01
1.633530736286589458e-01
9.201198350638151169e-02
1.101172668073909788e-01
1.268765441004614247e-01
8.070996298044118278e-02
1.016465595524225912e-01
1.434900642008237193e-01
1.476629170813137937e-01
1.237036323743975763e-01
8.758039064040142041e-02
1.712386834092046173e-01
9.399063108524061128e-02
4.362718809984231921e-02
1.143506343099982142e-01
1.513329125687624677e-01
1.111535689394388821e-01
1.501580531642373040e-01
1.283565820344994279e-01
1.438402452684463262e-01
7.737943365992534794e-02
1.393575222231447641e-01
9.869028688610895217e-02
1.184050483745522769e-01
2.033884364270394929e-01
1.237748325505155234e-01
8.266286350786686277e-02
8.597911236186822626e-02
1.644996539266272151e-01
1.720048479008965403e-01
4.660917318573123275e-02
1.092752660982883872e-01
5.704767517745494565e-02
1.683628048215593531e-01
5.078543867501947306e-02
