7.090454807345129840e-02
1.054522746990737975e-01
5.889579393264115365e-02
5.608108139921367391e-02
6.367152012410073891e-02
1.856954747223518998e-01
1.317937066654898681e-01
9.456010298295454419e-02
1.762518256013612394e-01
8.025857676630435145e-02
8.518808625355273056e-02
8.750915587434232590e-02
4.096280980007806910e-02
5.719626946068019635e-02
2.906863331158228425e-02
7.718221787407805734e-02
2.234343241869918562e-01
1.406828963209556527e-01
8.304848247496109115e-02
8.567631964809384326e-02
2.203312258082112118e-01
4.725337366838962272e-02
1.882547666437370537e-01
2.243730106441174654e-01
2.359801124594065047e-01
8.417181041754821791e-02
1.717786876433486376e-01
4.809116721083007279e-02
1.799684298570737861e-01
2.509290122157410985e-01
6.459891226147426724e-02
9.705124734211796611e-02
1.084584117835223072e-01
7.025456231486824910e-02
5.546438382565975489e-02
1.824450491055404078e-01
1.231435643564356419e-01
5.687672178183545563e-02
9.018864178790726716e-02
2.577062286934826418e-01
4.029130912264003439e-02
5.256439313139931596e-02
1.317268778129860318e-01
8.942571624947695530e-02
1.274849472531847105e-01
2.156990373468442232e-02
7.312888013009918864e-02
1.324469500769472619e-01
7.254052371609669148e-02
5.308601404276640234e-02
1.399834284634521031e-01
1.646806473142536087e-01
2.080894621792218555e-02
2.374028000876168276e-01
5.611250056524987734e-02
1.064840307554256738e-01
1.438482123562413451e-01
1.035740811586274984e-01
2.134029356322401649e-01
9.165935016140562552e-02
1.070560954063604214e-01
1.007714440072371709e-01
1.067129126457930371e-01
4.288370716139178890e-02
8.199997694108705770e-02
1.191429105642719533e-01
9.484093595127818244e-02
4.724561966437940824e-02
9.363538256058326348e-02
1.284892442099139220e-01
7.539972053834839705e-02
2.639108855148841748e-01
1.425660403392776665e-01
7.746891099518168899e-02
1.218520984187518169e-01
1.255378218022484282e-01
3.703291772523384373e-02
1.331157163211277583e-01
5.316882997047243931e-02
7.696357278651157208e-02
1.273352083472109597e-01
8.800814510669205393e-02
8.859148953868224707e-02
1.135282176311988439e-01
1.988268623907099228e-02
1.313244907304130238e-01
9.470611608822659955e-02
1.931052382103040643e-01
1.213380980626337924e-01
6.158253351847330775e-02
4.932004407369341981e-02
5.576368095371455474e-02
8.617375141531311011e-02
3.133953494473922657e-02
1.271611501479290030e-01
1.973700651580148901e-01
3.210583312651893451e-02
1.136745224651108388e-01
6.829514196630491474e-02
4.049409491078862638e-02
3.387603000621890875e-02
1.179768875354940405e-01
3.670933734939758886e-02
6.700262081179789164e-02
7.039934663938722526e-02
1.341293797348484806e-01
8.960864173514157538e-02
9.484588563280023366e-02
1.090298067823482903e-01
1.045366356729978546e-01
1.572765774326383148e-01
8.957377438822751448e-02
1.054167895955224060e-01
9.721466836829979752e-02
3.510802469135802795e-02
1.074082167832167839e-01
7.492560654986156476e-02
3.801181590373070573e-02
2.354730138524340488e-01
2.098345583421562244e-01
4.870115911350374194e-02
7.948869111522144371e-02
7.551471300361570216e-02
2.165989483747609787e-02
2.178648823133488843e-01
7.229588105636124140e-02
1.487725014418402603e-01
1.493944111055065249e-01
8.311475305444400441e-02
1.367172989413075745e-01
1.602829267393867940e-01
5.075761932934291787e-02
7.348549237451543203e-02
4.784093124454031482e-02
1.134826912473669985e-01
4.528808593750000000e-02
1.355461396092284311e-02
1.225272132069408770e-01
3.136765822661447684e-02
7.179301387997433226e-02
1.061599042338709636e-01
1.356622687063236132e-01
1.020482786928017110e-01
9.828962086771129980e-02
7.778218342251234929e-02
1.636541685876432284e-01
6.532736049876326778e-02
7.851224125179785684e-02
1.411809594317363081e-01
8.110029777144170393e-02
9.751630408227347779e-02
6.748962402343750000e-02
7.377270761245674491e-02
1.525454814205994547e-01
9.405548153235195052e-02
8.771945784287564496e-02
7.802111897247517025e-02
1.668090820312500000e-01
8.390243429653511387e-02
9.149976194770993720e-02
1.778505539997315421e-01
3.081823520905981745e-02
2.352991481285310604e-01
1.225938571823967788e-01
2.586402684865827736e-02
2.263007822197740937e-01
5.120614035087719257e-02
1.303229238472732865e-01
1.177147596824068970e-01
1.005243723771034187e-02
1.112908939441426548e-01
1.103671264648437567e-01
6.755540822240643783e-02
2.192636184070421435e-01
9.034827576516095415e-02
3.686961900327623276e-02
1.806592232408325144e-02
3.236602553747650046e-02
1.909345374798331746e-02
2.539985423185387448e-01
8.166458460398098862e-02
6.492220700442136172e-02
1.171754329954242529e-01
1.809732089698536384e-01
6.329271912780656817e-02
1.266398191892726122e-01
9.736512922274738469e-02
1.908340052489125929e-02
7.056968314673310594e-02
1.594488188976377896e-01
9.564870462000324425e-02
8.698711458912680716e-02
1.271186440677966184e-02
1.468505067744748371e-01
9.740518667296786670e-02
1.289234239650729752e-01
3.420704083363230313e-02
5.724694691600120539e-02
3.152933167982913815e-02
6.087728693997926377e-02
7.740745267275932207e-02
9.466793932617879881e-02
5.191688144329897198e-02
8.105241441220088772e-02
1.728219696969696823e-02
1.022881372523346682e-01
4.090462682468820610e-02
1.290917211724806196e-02
1.575969827586206906e-01
4.558584057071960599e-02
1.283804086538461453e-01
7.347470238095238360e-02
7.870972078610090350e-02
7.388833411654135985e-02
9.439671293218085402e-02
8.879573170731706877e-02
2.311392691265980459e-01
7.221102150536069797e-02
8.509241458842087269e-02
8.357530381944444642e-02
1.481490738090427417e-01
1.274844348659003868e-01
6.783707865168539519e-02
1.073017895706300795e-01
1.407490079365079395e-02
6.730325744145777833e-02
5.410579265934405829e-02
4.410096041878387718e-02
5.137711864406779849e-02
9.690403557433106829e-02
1.177286243438720736e-01
1.469312472393992930e-01
1.306431850540303863e-01
4.497349819290303446e-02
7.880835862217801246e-02
4.608204156891201886e-02
8.179621406681629459e-02
1.128490945928537770e-01
1.441643228317249781e-01
1.046677544003441207e-01
9.412400265957446277e-02
1.188737057020183702e-01
1.206879486908783716e-01
2.086362145598370799e-02
4.801756760169719612e-02
1.142069498697916713e-01
1.105234047635463290e-01
6.404902991549722702e-02
2.145833333333333273e-02
5.992261669303797222e-02
1.387070748780178386e-01
7.540776179387019551e-02
9.361475937111178591e-02
9.300403166887469264e-02
1.591089774951076341e-01
4.467298693773223001e-02
8.047166511194030203e-02
7.158206758045014551e-02
1.121572116909898414e-01
8.621638018385807678e-02
2.477663448509485056e-01
1.125096859734343452e-01
6.451468481375358111e-02
1.263360482151225372e-01
9.880589076450892183e-02
6.837390428497013006e-02
7.399261974897540506e-02
3.643902277542372670e-02
1.530905330882352811e-01
1.032475490196078372e-01
0.000000000000000000e+00
1.034576113861386121e-01
8.193876936629011787e-02
2.697413710297131284e-01
8.872767192561452354e-02
9.222504586884469613e-02
4.823702385783858876e-02
8.664062499999999889e-02
1.523437500000000000e-01
1.893402777777777879e-01
2.113299086757990941e-01
1.481779932545924661e-01
2.330182697178843354e-01
7.167350113122171462e-02
9.774149348226825185e-02
8.560828006628787290e-02
2.400568181818181768e-01
1.710883246527777901e-01
2.129462988608055996e-01
5.959039184883350299e-02
1.680618119318493253e-01
2.264232969793834316e-01
6.380208333333332871e-02
2.455290071256868017e-02
7.498914930555555802e-02
6.756666669299682404e-02
4.457600022009286511e-02
1.376106081985113139e-01
2.969071502057613055e-02
7.847413229286123726e-02
2.157562756147541130e-02
1.418344840179121269e-01
4.911910462791898441e-02
8.434631774475524757e-02
9.190283518684796982e-02
1.228411930749951364e-01
2.396844660194174734e-02
8.319091796875000000e-02
7.310743926186943908e-02
1.605714386608934063e-01
8.936494993932038444e-02
3.710937123053630049e-02
1.607689950980392135e-01
1.163565800107774079e-01
7.833614864864864302e-02
1.692820581896551657e-01
7.965759569377990623e-02
1.097916666666666624e-01
2.897727272727272652e-02
1.593424479166666574e-01
9.901972359813943081e-02
1.305937895903716284e-01
1.325765863107663256e-01
1.270446777343750000e-01
1.208163791094665207e-01
7.982000275330396188e-02
1.445312500000000000e-01
4.856171042232190066e-02
2.478134110787172037e-02
7.842414678869173705e-02
9.693080357141557746e-02
1.915315842245989275e-01
1.022331008583691053e-01
1.296973892405063333e-01
1.144462719298245668e-01
5.000000000000000278e-02
1.734855993470149349e-01
1.364210175304877981e-01
1.219446725315517788e-01
1.166015625000000056e-01
2.610294117647058987e-01
1.503599476439790583e-01
9.968596806420999823e-02
1.961304754273504314e-01
8.495021657356154055e-02
1.574067214439655304e-01
7.922191351232393819e-02
1.021161760602678631e-01
2.682127315757329086e-02
1.107674007633339813e-01
8.923746612336901085e-02
8.496093750000000000e-02
1.135258693321078427e-01
1.151909722222222154e-01
4.891826923076923045e-02
1.125446808030596824e-01
5.629412333170572685e-02
8.106203007518797410e-02
1.002604166666666713e-01
8.416830156950672048e-02
8.568992077464789026e-02
1.096354166666666657e-01
8.032399711879432969e-02
1.041666666666666713e-01
7.764246323529411242e-02
1.295584298513985932e-01
1.668836805555555525e-01
5.929487179487179238e-02
1.274988511029411797e-01
1.084449404761904795e-01
7.615782374100719954e-02
8.185840707964602003e-02
2.221824721534653435e-01
1.545138888888888951e-01
1.107772435897435848e-01
6.036931818181818371e-02
1.249291556222098254e-01
7.022664835164835195e-02
2.142857142857142877e-02
7.084091395547945091e-02
1.102869624863127701e-01
7.989643895348837177e-02
1.891208864607900886e-01
1.477673100490196068e-01
8.991839171974522205e-02
3.264925373134328068e-02
1.705408230633802813e-01
7.465085730088495686e-02
1.317667322834645549e-01
2.192276935188137710e-01
1.182183159722222238e-01
5.232558139534883995e-02
6.896551724137930939e-02
2.144877115885416574e-01
2.077636718750000000e-01
4.176682692307692041e-02
8.974609375000000555e-02
8.114919354838709409e-02
2.410714285714285754e-01
0.000000000000000000e+00
