7.264646733207617835e-02
1.050364914296896685e-01
5.634134169960129668e-02
6.032316229934066992e-02
5.884632593734599737e-02
1.917198252118450241e-01
1.335601745882238067e-01
9.423827548142237054e-02
1.817549747784224790e-01
8.317764945652174335e-02
7.945492870753881332e-02
8.358803390178083659e-02
3.878603508503312286e-02
6.373795766226002246e-02
2.536902293096872721e-02
7.586172145824773838e-02
2.177834682486752271e-01
1.359503145364560350e-01
8.858087243788057008e-02
7.997494694774101576e-02
2.147436886634726538e-01
4.884172443318482437e-02
1.917364555353005540e-01
2.129185910919077218e-01
2.360229918410658156e-01
7.718213465825425612e-02
1.670100535821477106e-01
4.564893612466255218e-02
1.819674892568785285e-01
2.538694753265361981e-01
6.507726675731607957e-02
9.820656882005956989e-02
1.088701755906336527e-01
6.416625143363301198e-02
6.013848876953124811e-02
1.902789911987885774e-01
1.305693069306930743e-01
5.591505083090094613e-02
8.970863159808366294e-02
2.632954714982458921e-01
4.039920975113617946e-02
5.123120200511945693e-02
1.337110639796969536e-01
8.988770561489543842e-02
1.209403197983014849e-01
2.281797686028071148e-02
7.585733979609504685e-02
1.265383999869006681e-01
7.522110458504317754e-02
4.990707712982922484e-02
1.334758169033377628e-01
1.557031723429982695e-01
2.120870628104304725e-02
2.448525116822429792e-01
5.543473689422677431e-02
1.053952645236238411e-01
1.307019349028412103e-01
1.030253615852826377e-01
2.171805512385233394e-01
1.030359735782497149e-01
9.609305984982331739e-02
1.049653089708730419e-01
1.059278521002453288e-01
3.643946733251930692e-02
8.106692866917770968e-02
1.183714565407193997e-01
9.121769190596232257e-02
4.620774085788201258e-02
8.907152422202321840e-02
1.263360733122337598e-01
7.396282579081163433e-02
2.495909340773956597e-01
1.395986871927326622e-01
7.719409065486629307e-02
1.143279867928202603e-01
1.343999740184438629e-01
3.263317350815199414e-02
1.276661121632371720e-01
4.964945635457677225e-02
7.474166160475173570e-02
1.331416384047279244e-01
8.673093850894285362e-02
8.623369768657515588e-02
1.135636516262398255e-01
2.553530092592592657e-02
1.194030643993165414e-01
9.173780247785025266e-02
1.693607555120602015e-01
1.230377255186522745e-01
5.506464640299479213e-02
4.843706234175915171e-02
5.173890201392729316e-02
8.551484376952515898e-02
2.765810538914578037e-02
1.378397744082840159e-01
1.988947068651517325e-01
3.037198323204225517e-02
1.171247123653053196e-01
6.945689541875366135e-02
3.864398911769243578e-02
3.204011679881840768e-02
1.176901281787472581e-01
3.953313253012048084e-02
6.477681058535401937e-02
6.049580605035072972e-02
1.503906250000000000e-01
8.873743109461207368e-02
9.681830060196248977e-02
1.021665233601395106e-01
8.776015115652972820e-02
1.660650041368272600e-01
7.613958126653438963e-02
1.160274914785662248e-01
1.032438637553781680e-01
3.105709876543209791e-02
9.560751748251748727e-02
7.334571187767020828e-02
3.338239156157033621e-02
2.474506609082158248e-01
2.099549278786298767e-01
5.076292185106119625e-02
7.520743868998344683e-02
7.912577479608233488e-02
2.348231357552581222e-02
2.213669561743406011e-01
7.480681186140408778e-02
1.383168796499869846e-01
1.526311102012793131e-01
9.343719906905992301e-02
1.346930919040719710e-01
1.757236696639150886e-01
5.170756265223754033e-02
7.113574716716024315e-02
4.729183206829843528e-02
1.178022307665358703e-01
4.413666596283783577e-02
1.544058447911468915e-02
1.179982163299325149e-01
3.184741985590455737e-02
7.266681705420988124e-02
1.082977885584677363e-01
1.369333159630869712e-01
8.406440358374847599e-02
8.775169717236644407e-02
7.826202648057985212e-02
1.619408593122889373e-01
5.896576699312953973e-02
7.849695532890543781e-02
1.399689050460845297e-01
7.572210717732739960e-02
9.784760512308225688e-02
8.397759331597222376e-02
8.568744593425604850e-02
1.674611928076717438e-01
8.050603830831389029e-02
8.295762955319291310e-02
7.760741379087333913e-02
1.528918690541211378e-01
7.324529327122109024e-02
8.495274371168572147e-02
1.814854609501826421e-01
3.272532188841201922e-02
2.293404616878531033e-01
1.291042738490634501e-01
2.544861580112473334e-02
2.230760700771327876e-01
4.692982456140350894e-02
1.167086432961856601e-01
1.307075544565665659e-01
1.079359028000685498e-02
1.129791286523010169e-01
1.107099609375000043e-01
5.927870294662437173e-02
2.286345106967981322e-01
9.563009197240966708e-02
2.935359588123320415e-02
1.960287103567889128e-02
3.128432653900375948e-02
1.675452212338484834e-02
2.666454519080930230e-01
8.334272088556943237e-02
6.168130727914663408e-02
1.121979377530364363e-01
1.925661448652416230e-01
5.697626565198618542e-02
1.199093391626467331e-01
1.035359917418888082e-01
2.107043684574595732e-02
7.107051598128452663e-02
1.512057086614173318e-01
9.917239719661581632e-02
8.502720036151278915e-02
1.271186440677966184e-02
1.516738496720879681e-01
1.035303934310018853e-01
1.368425240594939585e-01
3.264247558737566612e-02
5.254369973554275791e-02
3.023942863895530062e-02
5.743838076015932853e-02
8.213251837021136315e-02
9.264999654795556816e-02
5.095038659793814373e-02
8.676397200443047852e-02
1.325757575757575794e-02
9.915275324506724053e-02
3.627868790745465005e-02
8.202327930342010603e-03
1.462823275862069061e-01
4.330845210451642058e-02
1.447566105769230727e-01
7.793898809523809590e-02
7.142619214026774133e-02
7.811765742481202590e-02
8.671983021601487041e-02
8.879573170731706877e-02
2.577411736726277214e-01
7.031026860717520810e-02
8.513925947787001625e-02
8.090270996093749944e-02
1.421086870390793344e-01
1.257745150862069061e-01
6.741573033707864981e-02
1.155986010543699205e-01
1.457093253968253996e-02
6.837741177440632978e-02
4.682060468314897667e-02
4.486150147146002881e-02
5.111228813559322293e-02
9.795828139820038361e-02
1.252582804361979107e-01
1.508236942358657240e-01
1.152135260612051071e-01
4.478447445642168290e-02
8.343115096082545645e-02
5.794444071174642552e-02
7.989839163933011579e-02
1.211958567514496293e-01
1.379409089380380926e-01
1.072642008463541713e-01
8.119840148492907250e-02
1.067151521359298444e-01
1.389182150900900858e-01
2.258782637746710453e-02
3.793070799317853348e-02
1.059305826822916630e-01
1.074416197804994866e-01
5.361623188544939467e-02
1.822916666666666782e-02
6.383504263962370973e-02
1.334047283076207069e-01
6.226192376552484170e-02
9.392915762349053621e-02
8.774618243338758172e-02
1.606684197651663537e-01
3.993081799367578788e-02
8.442164179104477695e-02
5.865587506975446230e-02
1.087206535532994900e-01
8.532618400745821396e-02
2.520642784552845628e-01
1.016401207952699476e-01
5.490558263565544633e-02
1.469554577843617538e-01
9.733937303042082545e-02
6.920632850578098405e-02
7.168729188012294695e-02
3.707461599576271361e-02
1.506395526960784270e-01
9.681372549019608142e-02
0.000000000000000000e+00
1.172648514851485080e-01
8.116239255613034997e-02
2.795661729727751954e-01
9.198061182108489831e-02
9.679435961174243097e-02
4.132340524988404457e-02
8.682291666666666630e-02
1.609544020432692180e-01
1.839236111111111072e-01
2.056934931506849418e-01
1.540701982633828904e-01
2.416008959933872990e-01
7.209770927601809321e-02
1.023710443732443881e-01
1.007616447679924310e-01
2.589285714285714524e-01
1.731753879123263951e-01
2.173054464425438204e-01
5.806416373216329724e-02
1.552096200068004972e-01
2.279288308335500890e-01
5.396543560606060358e-02
1.459678188785091917e-02
9.162326388888888951e-02
7.250121189997746352e-02
4.497498992005921625e-02
1.089101438447246384e-01
3.239133230452674594e-02
7.650672842603210844e-02
2.012279072745901468e-02
1.288055569520390464e-01
5.799734930379654707e-02
7.894619861682811157e-02
9.047831385588843423e-02
1.234012429403796435e-01
2.396844660194174734e-02
8.754882812500000555e-02
6.550258981721691909e-02
1.690211716093547589e-01
8.654548126516990736e-02
3.272063929307837682e-02
1.868106617647058709e-01
1.330667429956896575e-01
7.812500000000000000e-02
1.691007942988954627e-01
6.746224581339713144e-02
1.104166666666666630e-01
2.897727272727272652e-02
1.600260416666666741e-01
8.642718238858049240e-02
1.328850823479729715e-01
1.444424237577145442e-01
1.064147949218750000e-01
1.472217700961563347e-01
7.636855877443557428e-02
1.063096788194444475e-01
4.609395689883474811e-02
2.286807580174927274e-02
8.535573924294162507e-02
1.185825892856103431e-01
1.728045621657753883e-01
1.026522263948497909e-01
1.330102848101265833e-01
1.173245614035087758e-01
5.288461538461538408e-02
1.602066571439676734e-01
1.085740996570122019e-01
1.405793100769756887e-01
1.259765625000000000e-01
2.231158088235294101e-01
1.386411976439790583e-01
9.705786611462541291e-02
2.262954059829059839e-01
6.891369932635700579e-02
1.717133620689655082e-01
7.922191351232393819e-02
9.096309116908482539e-02
2.498939837228979916e-02
1.045768940856701551e-01
8.797200520833332871e-02
8.496093750000000000e-02
1.294701669730392024e-01
1.315972222222222265e-01
5.432692307692307820e-02
1.151162144128113907e-01
8.440085018382352533e-02
8.717105263157894079e-02
7.989354360671270527e-02
7.366204368693946014e-02
1.234595070422535162e-01
7.005209724399416582e-02
7.929895279255319562e-02
1.041666666666666713e-01
8.725873161764706454e-02
1.481097027972027858e-01
1.597222222222222099e-01
5.929487179487179238e-02
1.214958639705882304e-01
1.063616071428571397e-01
8.204530125899280046e-02
6.263827433628318953e-02
2.233134354695235080e-01
1.254650297619047672e-01
1.233974358974359031e-01
5.433238636363636048e-02
1.037237984793526746e-01
7.022664835164835195e-02
2.142857142857142877e-02
8.197105094178082363e-02
1.060884180897010282e-01
9.720203488372093636e-02
1.926586223098467054e-01
1.406202129289215730e-01
9.151075068552783076e-02
3.824626865671641729e-02
1.705408230633802813e-01
6.552475110619468412e-02
1.081754429133858220e-01
2.001043825733418435e-01
1.232638888888888951e-01
5.232558139534883995e-02
6.896551724137930939e-02
2.059649843158143923e-01
1.770019531250000000e-01
6.322115384615384359e-02
8.037109374999999722e-02
7.358870967741935887e-02
2.410714285714285754e-01
0.000000000000000000e+00
