2.035063007620195596e-01
2.640311660341292943e-01
1.370511955628422041e-01
1.453138288591192262e-01
1.948934955098504673e-01
5.391010631537145326e-01
3.285472028725344162e-01
2.627044717089435655e-01
4.808775065577897689e-01
1.360369042766766123e-01
2.555559864590177810e-01
2.182331943578706135e-01
1.531734330628761187e-01
1.726910434536537975e-01
9.528555832869856079e-02
1.754475606286082234e-01
6.052349969187987844e-01
4.042168207530045798e-01
2.700015124912766851e-01
2.129478850720420424e-01
6.323174836897222928e-01
1.460572109569754917e-01
5.014525714183246663e-01
5.069692742632059268e-01
5.358762468157296510e-01
2.540004099135321214e-01
4.832230323695316798e-01
1.457081273685986444e-01
3.498911019115253374e-01
5.644222623196132327e-01
2.573075803830984221e-01
2.652658959612607115e-01
2.607587887154678152e-01
2.065991044782021224e-01
1.331450940387639836e-01
3.832231046216728609e-01
2.676048732191358415e-01
2.667815744565090741e-01
2.290770068910391311e-01
5.773385835582438563e-01
9.954965347607569459e-02
1.161394145233125147e-01
5.383606719569397070e-01
2.523314579001963431e-01
3.822528881503788334e-01
7.097181436038332847e-02
2.111685952335703442e-01
3.537504529592435110e-01
1.743985894955087379e-01
1.619090511876965510e-01
3.539798513636265298e-01
3.723631159469341090e-01
5.059650381603679470e-02
5.144139008771660970e-01
1.782220504849327536e-01
2.817995427390911911e-01
3.093491727103188649e-01
2.711774348167552140e-01
5.657046125008405868e-01
1.954127309180042904e-01
2.379039546368041380e-01
2.898890574774337092e-01
3.142364697987395927e-01
1.832785790719321239e-01
2.259737573030116964e-01
3.118123177700232729e-01
2.469203927040878321e-01
9.466454577152233485e-02
2.050598970351596995e-01
3.051526025167927703e-01
1.991005338706594852e-01
7.102342748005331385e-01
3.209955395818224200e-01
1.640600970629746691e-01
3.779025650986956864e-01
2.900551158141835839e-01
1.322535506376784908e-01
4.278149388206927695e-01
1.208044006253964353e-01
2.115748459653303548e-01
3.117340064600365723e-01
2.635157161959387762e-01
1.759430506655973725e-01
3.140371251634110350e-01
4.993778734868963010e-02
3.595270826669381692e-01
2.683219334209603901e-01
6.536603379279857240e-01
2.890596215640598432e-01
1.522015516924960787e-01
1.128057971364985063e-01
1.749047236870276689e-01
1.943777509823273741e-01
1.286968546146573522e-01
3.462071608675962864e-01
4.050215011121210407e-01
8.288839132824260547e-02
2.441403234722157034e-01
1.530262744925234841e-01
1.139599852407770647e-01
7.685057876260255327e-02
3.229225075698031189e-01
9.161574654761449332e-02
1.935803276031239084e-01
3.120809538119395099e-01
3.824004414001696550e-01
3.858578745604205884e-01
2.061979025556213430e-01
2.498237779463956254e-01
3.041760762647797711e-01
3.801045503908815903e-01
1.885621032621771775e-01
3.273963695241538518e-01
3.489850216091907043e-01
7.310074603451101327e-02
2.344626915330064176e-01
2.009878455371438555e-01
9.131191326224669114e-02
5.266660843066635067e-01
4.884321172816861734e-01
1.172080270068532742e-01
2.231780095433784916e-01
1.700906276323583266e-01
4.661114725862845753e-02
5.130323421415554641e-01
1.507162547412705944e-01
3.944463009839803691e-01
3.476062837098295999e-01
2.484381999993466594e-01
2.734283064421694776e-01
4.067195259261272011e-01
2.172503871061176595e-01
1.736728275543359956e-01
1.516516196394520621e-01
2.669714004097544779e-01
1.228612775577206523e-01
4.754720440278438487e-02
2.772504400091054810e-01
7.897953912899637052e-02
1.500373273408300012e-01
2.540792210164301013e-01
3.684047951357027340e-01
3.115866196925944354e-01
2.467118709527365839e-01
3.189954171192719845e-01
3.658355813093394082e-01
2.041491189966843089e-01
1.751038220232301323e-01
3.399042200469060693e-01
1.863475795154783121e-01
2.041617288481726855e-01
1.938194061518931921e-01
1.547902232211491313e-01
3.376172993511762366e-01
3.509324677973721940e-01
2.196239931681676361e-01
2.101120793945918108e-01
4.457355391892436902e-01
2.769134144207724968e-01
2.156572229210975411e-01
4.155641579487222015e-01
5.557093499146942284e-02
4.907257442079260290e-01
4.120555158755881964e-01
6.213774604616543323e-02
4.993301757800072127e-01
1.210697648736839133e-01
2.260243970303126571e-01
3.510991474366695897e-01
3.187141066597225930e-02
2.474445465033949521e-01
2.736037020518473084e-01
2.101068426563638125e-01
5.113094776546064368e-01
2.061183395222583037e-01
1.351545359654699741e-01
4.035217739473880710e-02
6.026999253378019505e-02
7.354723348469326127e-02
6.061466154091330605e-01
1.959804082708997419e-01
1.469410779393801603e-01
2.643343215293736392e-01
4.175488354545157654e-01
1.297048765503880929e-01
3.093499573595381857e-01
2.634515465128627887e-01
5.664034641172613349e-02
2.169320025227004511e-01
2.909928013309627248e-01
3.235376809267292431e-01
1.870483396834563827e-01
8.313605079546397200e-03
5.044740340518164556e-01
1.930168870906227296e-01
3.172132763949278011e-01
9.484381042713681265e-02
2.102283681004465110e-01
2.142539724117377975e-01
1.650104996703587457e-01
1.838829624699000187e-01
2.899566312710551985e-01
1.235328321387837852e-01
2.395841377321301091e-01
3.828086247754546034e-02
3.101678900025734986e-01
1.142711489399618197e-01
3.292867214115455937e-02
3.601456323312957619e-01
1.150810122114716560e-01
3.221286706506875097e-01
2.026022319794511528e-01
3.881997248134571588e-01
1.263067617669758336e-01
2.336205126517265085e-01
2.235601791620369649e-01
4.350058981368065125e-01
2.454494009422976686e-01
1.970414068819117959e-01
2.892496923882184601e-01
3.299753966855004661e-01
2.800465290741936952e-01
1.257332919692437379e-01
2.316500379440616930e-01
2.897339802513506854e-02
1.607321229380416494e-01
1.268262997815038928e-01
1.058275856068808390e-01
1.139884442984437501e-01
2.096142184304458922e-01
3.068694194559600241e-01
2.896092166100188159e-01
3.483464255240741880e-01
1.241947157836623544e-01
2.332669748584638436e-01
1.134269706983443426e-01
1.852050630748800497e-01
3.133648138642936010e-01
3.513714922825201259e-01
2.784718377629765151e-01
2.845630399521789644e-01
3.651709174216409837e-01
3.092316714114254905e-01
6.243526273921964215e-02
1.290628360434309396e-01
2.284158536754143376e-01
2.593354388856033421e-01
2.170124662649660641e-01
5.003961177959265205e-02
1.559668891286341563e-01
3.340685928696698892e-01
2.063253879266326030e-01
3.203470446282665751e-01
2.511712278917604402e-01
3.123467676214157773e-01
1.352952530739366110e-01
1.870752346847273651e-01
1.975391639682370359e-01
2.681435484623126420e-01
2.072971211703774630e-01
5.413278531171020758e-01
3.798858325555449222e-01
1.589768451195801569e-01
3.202012500403902395e-01
2.684349300475222244e-01
2.082173497231921966e-01
1.946554600123588108e-01
8.301006954041734165e-02
4.201800127573939725e-01
2.365398834602819578e-01
0.000000000000000000e+00
2.278325250671462132e-01
1.966442834946568463e-01
6.174477801576203628e-01
2.097146692519085143e-01
1.982382548699754832e-01
1.055765520748967040e-01
1.906776850473367313e-01
3.626865501718680718e-01
3.925539615284134309e-01
5.039982185844097407e-01
3.318780211736322983e-01
5.278513104059949779e-01
1.672808622506199161e-01
1.959804656564589076e-01
2.027791571030387596e-01
4.905456740881412037e-01
4.401321865199126493e-01
4.698307322624821758e-01
1.991764129926888727e-01
5.483533635105141135e-01
6.240125756697194603e-01
1.522668495863463423e-01
7.520024287866550194e-02
1.787297498291493258e-01
2.060786399754781784e-01
1.942231275153968317e-01
4.428475801432285586e-01
7.621710028424748262e-02
1.851761339104365245e-01
5.089272645470514778e-02
4.094396373717786308e-01
2.607675438148087665e-01
2.394388496009171030e-01
2.366350871905355535e-01
3.701812983831626602e-01
3.805474368111893407e-02
1.811063205996785719e-01
1.781233298279427668e-01
3.618640106132988143e-01
1.478952390632582437e-01
8.796169477855782237e-02
4.758599221565951720e-01
3.283894439135981447e-01
1.873815652186140712e-01
3.473419992893091446e-01
1.694635006709806768e-01
2.871300719374232369e-01
4.715052804668357078e-02
3.924946568381023626e-01
2.871628032400451169e-01
3.373921527242529916e-01
3.327682800338883640e-01
2.969756368295563553e-01
2.886619359505796512e-01
1.900057264059186179e-01
4.250305577681585678e-01
1.074628524575857585e-01
4.891089284237724877e-02
2.552626922044949342e-01
4.221272726219765237e-01
4.609194592536325907e-01
2.434249315284159609e-01
2.613217337998553491e-01
2.386357918448956394e-01
9.159713650204304169e-02
3.309441457813875886e-01
4.394119218028725293e-01
3.150986856728746899e-01
2.616379878427325667e-01
5.585217836693505689e-01
2.929024309885785993e-01
2.434505474830615523e-01
3.830357021934548412e-01
2.429618432468931277e-01
3.933733067842436482e-01
2.657504862662587453e-01
3.228622165731951377e-01
7.502160955013278953e-02
2.805160010070167353e-01
1.829214164816326538e-01
1.911964465466315100e-01
2.629079069423501669e-01
2.727619736343407930e-01
8.948833182080080662e-02
2.090777484138816311e-01
1.554711266069845610e-01
1.250989334222767646e-01
2.073050934132747158e-01
1.515324417662304024e-01
1.647977327856965379e-01
2.932236645891938553e-01
2.140007838673180784e-01
2.177627422578420902e-01
1.143957377341179582e-01
2.498337885220451304e-01
3.190924104984900200e-01
1.134082412080018587e-01
2.383966673581680851e-01
2.229569029016499337e-01
1.502070931701477707e-01
1.509898277810919620e-01
5.481349658174194950e-01
3.005537192833673821e-01
2.549239143964159293e-01
1.092469693106936091e-01
3.630878669915802992e-01
1.290963893643407856e-01
5.714285714285714107e-02
1.817925206383418091e-01
3.283715457286888739e-01
7.670990709280328668e-02
4.454514768130656832e-01
3.351098948574447456e-01
3.036291095120396411e-01
7.042831606201738204e-02
4.051186195433500448e-01
1.471433713408266397e-01
3.789775586876938940e-01
7.312473772685482709e-01
2.238602571172012834e-01
9.413373390975797450e-02
1.243822751837773549e-01
5.458795096295084859e-01
3.234083040255040786e-01
9.564302163222712649e-02
2.382850702725172187e-01
2.294313662635668327e-01
2.323907518611405265e-01
0.000000000000000000e+00
