8.073165569094925553e-02
1.191278372143228376e-01
6.738348273843175473e-02
6.798193636428954967e-02
6.824930659124815724e-02
2.204412488986693675e-01
1.530021010323772135e-01
1.065077490592194892e-01
2.090601607713888088e-01
1.013328157349896591e-01
9.082065548048168235e-02
9.759216150520481914e-02
4.294094781996635884e-02
6.760237345427928812e-02
2.853136184943965217e-02
8.913358088310584237e-02
2.571261587812119775e-01
1.613192166586620291e-01
9.515005998347263183e-02
9.618257988345983722e-02
2.581497288915447497e-01
5.350873065403954215e-02
2.272130253406466627e-01
2.694710864235114745e-01
3.002022092570112988e-01
9.130247646478037438e-02
2.109402829586317640e-01
5.216181024027888302e-02
2.126035960570376582e-01
3.134567454818347754e-01
6.891651854197755611e-02
1.105930906812360587e-01
1.241761537766864210e-01
7.640439646933140649e-02
6.774146031746036689e-02
2.204476050298657674e-01
1.511551155115511691e-01
6.211412387938256702e-02
1.031824498396834155e-01
3.283643675146421526e-01
4.578106311410238410e-02
6.072647489029735918e-02
1.487141806847857850e-01
1.017984160525252507e-01
1.383109223873555116e-01
2.455377377499754626e-02
8.378837854395415619e-02
1.501597855229413470e-01
8.788718166195257087e-02
5.804794808691456087e-02
1.558476481015102777e-01
1.871289537288153282e-01
2.509036785677361964e-02
3.038317757009349473e-01
6.141227366368492979e-02
1.205992871206182648e-01
1.561613857266890559e-01
1.203140620703425784e-01
2.648817429488832809e-01
1.115366566791881342e-01
1.168138987043580018e-01
1.165247415019828453e-01
1.170043142872699421e-01
4.237598356844041181e-02
9.294628509650200432e-02
1.350043168450834330e-01
1.065350765918882253e-01
5.534238554329164173e-02
1.084747758969212272e-01
1.456498556253072729e-01
8.698775060096934630e-02
3.195664499669342296e-01
1.657565466724349179e-01
9.144488354313033696e-02
1.341690123930786849e-01
1.510494400533256287e-01
3.924758515505846757e-02
1.480784350772849089e-01
5.820678665166852117e-02
8.448709720629381248e-02
1.490268151182008449e-01
9.863511214786584158e-02
1.040056315366050949e-01
1.285515529330774065e-01
2.544091710758377561e-02
1.415621777974925555e-01
1.093775427580069987e-01
2.092237471962980488e-01
1.423201006463718776e-01
6.758333333333334247e-02
5.569477131577640211e-02
5.935849833044237744e-02
1.006949060848491007e-01
3.296259243149196605e-02
1.573964497041419053e-01
2.475629038129041060e-01
3.562612683895385879e-02
1.355851876044186222e-01
8.217919514047103413e-02
4.228841521643079276e-02
3.858628933255797699e-02
1.329387959905918848e-01
4.578313253012048639e-02
7.466192646224223406e-02
7.201333312920631113e-02
1.720699054032387709e-01
9.789911497226924664e-02
1.141396959205178696e-01
1.242082033007625708e-01
1.035570708146884150e-01
2.018457602339180090e-01
9.395061728395062706e-02
1.267697345390462194e-01
1.131051175877262893e-01
4.032921810699589132e-02
1.209790209790209542e-01
8.610166911302638559e-02
4.088546876726689011e-02
3.026489700001829819e-01
2.615689676415743348e-01
5.750300408555640563e-02
8.618732261116367199e-02
9.230428249436507804e-02
2.721478648820905427e-02
2.579313325578631577e-01
8.982494689811780508e-02
1.632235512931246302e-01
1.763588648146837967e-01
9.979072507047696827e-02
1.619076476553971133e-01
1.998899371069181585e-01
5.718770161607569097e-02
8.441905999597364152e-02
5.469425792210608900e-02
1.343416225030573674e-01
5.095452595452593103e-02
1.617419520422381032e-02
1.416055153073150774e-01
3.706584783350388296e-02
8.516236789966304122e-02
1.261675836708096854e-01
1.571918061705920855e-01
1.049810703740924750e-01
1.056698041786098136e-01
8.646845803566881317e-02
1.931520379040312096e-01
7.347816163502439435e-02
9.401325728719281405e-02
1.645562209404801413e-01
8.924902332170983610e-02
1.134538800198183900e-01
8.585858585858591185e-02
9.281594990937548639e-02
1.916655027932960831e-01
9.728037564986102836e-02
9.825965937663783123e-02
9.397181185260657099e-02
1.833566760037346477e-01
8.652842820194282802e-02
1.028827045678462476e-01
2.125703892668183714e-01
3.793331132386926208e-02
2.960451977401130641e-01
1.445679012345677528e-01
2.973865834993789231e-02
2.821335743656501194e-01
5.730994152046783169e-02
1.472222222222220878e-01
1.485527544351072649e-01
1.187562583064795917e-02
1.299962128123041682e-01
1.313638095238094661e-01
6.964617804541231583e-02
2.772981052763647813e-01
1.075301563697448337e-01
3.612413677250617128e-02
2.271225635943177612e-02
3.858338153074994392e-02
1.854804257356460623e-02
3.240335045582849460e-01
9.199759326113118862e-02
7.417582417582416210e-02
1.316002448593543150e-01
2.206622683388486661e-01
7.299366724237192627e-02
1.430010562450492184e-01
1.148313236159720085e-01
2.209534948482315408e-02
8.217535153019020489e-02
1.897637795275590178e-01
1.112485565735409909e-01
1.013175052607756393e-01
1.694915254237288130e-02
1.699745783730160220e-01
1.220757944009360774e-01
1.546909806705087653e-01
3.717320014338370421e-02
5.908795024420019498e-02
3.395672589131920605e-02
6.707302556223437850e-02
9.093602566521982733e-02
1.017388897719807284e-01
6.144329896907212846e-02
9.403915053289471637e-02
1.742424242424242542e-02
1.164183914149573978e-01
4.468253968253967090e-02
1.235689601662673907e-02
1.816091954022988619e-01
5.221816766408798188e-02
1.612179487179487003e-01
9.047619047619048782e-02
8.367996371125277499e-02
9.097744360902254579e-02
1.042405821129225030e-01
1.097560975609756101e-01
2.981949040959402386e-01
8.128059395801333353e-02
9.649613756930840169e-02
9.041693121693121504e-02
1.753352490421456744e-01
1.488505747126436518e-01
8.561797752808987527e-02
1.312145848731214592e-01
1.653439153439153694e-02
7.602672027474129124e-02
5.791489148914887725e-02
4.854767184035474470e-02
6.016949152542373086e-02
1.149918744727050912e-01
1.361614998291470757e-01
1.754534746760895991e-01
1.407061266874350680e-01
5.061440506533963074e-02
9.264601760661619889e-02
5.962761126248863897e-02
9.237569060773477558e-02
1.399393591216648025e-01
1.705689208750435504e-01
1.235266221873364684e-01
9.707193515704147513e-02
1.345779738602705389e-01
1.492857142857142438e-01
2.355710705334764649e-02
4.904202538547177553e-02
1.328611111111110687e-01
1.270281576764534792e-01
7.065407772304321821e-02
2.399999999999999703e-02
6.876619508562910321e-02
1.662454873646209419e-01
7.617521367521368214e-02
1.067570235973653719e-01
9.831881335621971141e-02
1.919606746808314168e-01
4.703744764720376587e-02
9.340796019900492186e-02
7.480583900226750460e-02
1.282571912013535653e-01
9.640232159345733798e-02
3.126467931345984774e-01
1.232246376811594324e-01
6.972301814708690981e-02
1.567794775845623712e-01
1.095044906046606786e-01
7.812239081949717834e-02
8.893442622950821497e-02
4.440677966101694990e-02
1.784313725490196678e-01
1.228758169934640460e-01
0.000000000000000000e+00
1.376237623762376350e-01
9.418436293436299733e-02
3.358001561280256619e-01
1.080139372822299521e-01
1.140909090909090207e-01
5.210265924551640143e-02
1.067936507936507878e-01
1.969951923076923017e-01
2.291555555555554458e-01
2.621004566210047293e-01
1.752865737950134173e-01
2.991720668410086659e-01
8.929110105580691237e-02
1.198176386659534215e-01
1.091119528619528128e-01
2.993506493506493671e-01
1.990019240019240132e-01
2.711446760197876449e-01
6.601460090009721171e-02
1.789355730444841530e-01
2.747076023391812893e-01
6.614718614718614886e-02
2.332646520146521366e-02
1.017283950617283855e-01
7.948076923076917433e-02
4.790803589016205677e-02
1.378551365289865382e-01
3.895747599451303972e-02
8.720183486238532178e-02
2.220400728597450232e-02
1.659409391178771620e-01
5.632226297919601388e-02
9.445221445221446688e-02
1.095470645057421560e-01
1.338433803807764499e-01
2.912621359223301412e-02
9.515972222222215948e-02
8.058438151988049636e-02
1.887885516901060823e-01
1.107017645245800680e-01
4.017702104658629064e-02
2.000000000000000666e-01
1.433698455748048384e-01
9.069069069069071731e-02
2.061422413793101427e-01
8.738892686261104381e-02
1.346666666666666290e-01
3.636363636363636187e-02
2.003571428571428448e-01
1.041589630350436974e-01
1.486322686322686104e-01
1.608277354829078520e-01
1.383246527777777235e-01
1.494706589706589761e-01
9.398188937836508827e-02
1.416666666666666630e-01
5.555690072639224431e-02
3.051506316812439140e-02
9.115488543452769654e-02
1.250877192982455255e-01
2.121339444868855506e-01
1.201716738197424195e-01
1.551336146272854211e-01
1.392982456140351155e-01
6.615384615384616029e-02
1.973596663148901864e-01
1.405400696864111953e-01
1.555346700083543310e-01
1.399999999999999856e-01
2.976470588235294312e-01
1.705061082024432739e-01
1.106302521008403345e-01
2.571082621082620423e-01
8.809185285488599360e-02
1.873103448275860727e-01
9.859154929577464144e-02
1.163961038961038863e-01
2.983713355048862176e-02
1.226889001366187754e-01
1.056111111111111139e-01
1.041666666666666852e-01
1.397254901960783835e-01
1.459259259259259311e-01
6.499999999999998834e-02
1.368422301304862976e-01
7.585784313725492389e-02
9.924812030075189084e-02
1.059383753501400710e-01
9.104497893735559455e-02
1.178806170355466004e-01
1.004216269841269882e-01
9.078014184397163733e-02
1.333333333333333315e-01
9.354061624649857853e-02
1.631313131313130993e-01
1.930555555555555636e-01
7.692307692307692735e-02
1.509803921568628471e-01
1.276190476190475764e-01
9.604316546762588225e-02
8.952802359882006122e-02
2.814851485148514576e-01
1.615079365079364893e-01
1.368660968660968535e-01
6.401515151515152491e-02
1.214285714285714413e-01
8.791208791208791895e-02
2.857142857142857054e-02
8.493150684931508043e-02
1.223189983669026593e-01
1.063122923588039753e-01
2.320754716981131283e-01
1.733271086212262724e-01
9.623900515620256724e-02
3.880597014925372956e-02
1.971830985915493939e-01
8.053097345132746721e-02
1.359580052493438163e-01
2.540031397174254413e-01
1.532407407407407607e-01
6.976744186046511531e-02
8.620689655172414367e-02
2.500000000000000555e-01
2.283333333333333603e-01
6.205128205128204733e-02
9.000000000000002442e-02
9.032258064516129892e-02
2.857142857142856984e-01
0.000000000000000000e+00
